  -1.2855968e-29
   1.0231619e-01
   1.9939313e-01
   2.8785241e-01
   3.6812612e-01
   4.4188533e-01
   5.0973485e-01
   5.7132588e-01
   6.2739277e-01
   6.7805086e-01
   7.2394565e-01
   7.6498787e-01
   8.0194328e-01
   8.3454878e-01
   8.6366810e-01
   8.8889158e-01
   9.1116131e-01
   9.2994515e-01
   9.4624639e-01
   9.5943169e-01
   9.7055056e-01
   9.7888716e-01
   9.8552420e-01
   9.8967974e-01
   9.9245836e-01
   9.9302646e-01
   9.9250075e-01
   9.9000848e-01
   9.8667010e-01
   9.8158470e-01
   9.7586925e-01
   9.6860417e-01
   9.6089691e-01
   9.5181739e-01
   9.4245837e-01
   9.3188635e-01
   9.2117513e-01
   9.0939377e-01
   8.9759358e-01
   8.8485135e-01
   8.7219296e-01
   8.5870724e-01
   8.4539236e-01
   8.3135278e-01
   8.1755719e-01
   8.0312865e-01
   7.8900497e-01
   7.7433026e-01
   7.6001049e-01
   7.4521276e-01
   7.3081053e-01
   7.1599543e-01
   7.0160807e-01
   6.8687931e-01
   6.7257611e-01
   6.5790403e-01
   6.4386103e-01
   6.2976655e-01
   6.1558574e-01
   6.0025309e-01
   5.8585234e-01
   5.7283048e-01
   5.6074464e-01
   5.4757420e-01
   5.3433037e-01
   5.2117043e-01
   5.0866313e-01
   4.9599233e-01
   4.8378420e-01
   4.7151282e-01
   4.5972407e-01
   4.4787716e-01
   4.3650392e-01
   4.2508874e-01
   4.1413679e-01
   4.0315698e-01
   3.9262877e-01
   3.8208487e-01
   3.7197999e-01
   3.6186986e-01
   3.5218544e-01
   3.4250472e-01
   3.3323584e-01
   3.2397826e-01
   3.1511827e-01
   3.0627598e-01
   2.9781680e-01
   2.8938067e-01
   2.8131303e-01
   2.7327287e-01
   2.6558658e-01
   2.5793138e-01
   2.5061548e-01
   2.4333356e-01
   2.3637653e-01
   2.2945575e-01
   2.2284566e-01
   2.1627353e-01
   2.0999815e-01
   2.0376196e-01
   1.9780890e-01
   1.9189585e-01
   1.8625264e-01
   1.8064991e-01
   1.7530409e-01
   1.6999891e-01
   1.6493811e-01
   1.5991784e-01
   1.5512984e-01
   1.5038204e-01
   1.4585480e-01
   1.4136724e-01
   1.3708897e-01
   1.3284970e-01
   1.2880887e-01
   1.2480624e-01
   1.2099164e-01
   1.1721432e-01
   1.1361504e-01
   1.1005204e-01
   1.0665752e-01
   1.0329822e-01
   1.0009826e-01
   9.6932395e-02
   9.3917130e-02
   9.0934813e-02
   8.8094767e-02
   8.5286490e-02
   8.2612541e-02
   7.9969169e-02
   7.7452564e-02
   7.4965342e-02
   7.2597693e-02
   7.0258234e-02
   6.8031513e-02
   6.5831799e-02
   6.3738330e-02
   6.1670701e-02
   5.9703158e-02
   5.7760306e-02
   5.5911699e-02
   5.4086660e-02
   5.2350332e-02
   5.0636475e-02
   4.9006088e-02
   4.7397104e-02
   4.5866631e-02
   4.4356525e-02
   4.2920240e-02
   4.1503318e-02
   4.0155785e-02
   3.8826646e-02
   3.7562708e-02
   3.6316228e-02
   3.5130996e-02
   3.3962323e-02
   3.2851166e-02
   3.1755703e-02
   3.0714236e-02
   2.9687634e-02
   2.8711710e-02
   2.7749855e-02
   2.6835552e-02
   2.5934557e-02
   2.5078168e-02
   2.4234360e-02
   2.3432384e-02
   2.2642296e-02
   2.1891429e-02
   2.1151789e-02
   2.0448912e-02
   1.9756632e-02
   1.9098804e-02
   1.8450974e-02
   1.7835423e-02
   1.7229300e-02
   1.6653414e-02
   1.6086414e-02
   1.5547732e-02
   1.5017423e-02
   1.4513628e-02
   1.4017719e-02
   1.3546631e-02
   1.3082967e-02
   1.2642536e-02
   1.2209090e-02
   1.1797385e-02
   1.1392252e-02
   1.1007460e-02
   1.0628847e-02
   1.0269263e-02
   9.9154888e-03
   9.5795115e-03
   9.2492458e-03
   8.9351183e-03
   8.6259141e-03
   8.3331863e-03
   8.0465221e-03
   7.7709953e-03
   7.4910710e-03

